"sampleid" "activity" "mean" "std"
1 "laying" -0.466464695241624 -0.896699261804485
1 "sitting" -0.487488828495867 -0.962531684925854
1 "standing" -0.516975248009769 -0.986798479817038
1 "walking" -0.0838573459916048 -0.302551798992919
1 "walking_downstairs" -0.0349964672263018 -0.263719603503896
1 "walking_upstairs" -0.202237420225089 -0.428436196561521
2 "laying" -0.50576115791339 -0.980492348554293
2 "sitting" -0.500610030441972 -0.974113940790514
2 "standing" -0.509458925821768 -0.970481596212121
2 "walking" -0.179377744257812 -0.471518668508629
2 "walking_downstairs" -0.0128498425231206 -0.199973200120761
2 "walking_upstairs" -0.155899912507109 -0.385997363253851
3 "laying" -0.495139579001589 -0.973555798352884
3 "sitting" -0.478944112603013 -0.936746787346154
3 "standing" -0.489562657161571 -0.934573756328862
3 "walking" -0.184906847435204 -0.450988754712889
3 "walking_downstairs" -0.106137838485022 -0.35927889525865
3 "walking_upstairs" -0.221951531400878 -0.494763604117052
4 "laying" -0.496494719070863 -0.960841350255892
4 "sitting" -0.484203136101009 -0.951483705307273
4 "standing" -0.478668968631246 -0.931971966691558
4 "walking" -0.227442395283293 -0.556813870101975
4 "walking_downstairs" -0.133335907452141 -0.430345489469064
4 "walking_upstairs" -0.201041619091582 -0.481670281281346
5 "laying" -0.505395795608001 -0.97277492210373
5 "sitting" -0.483921969559625 -0.952403047947934
5 "standing" -0.47296792859664 -0.923529957596862
5 "walking" -0.155142177775656 -0.426550893998593
5 "walking_downstairs" -0.0430847556457143 -0.256359233626873
5 "walking_upstairs" -0.129397913853791 -0.359295474612702
6 "laying" -0.490068230923604 -0.938894773891707
6 "sitting" -0.483739868346573 -0.949510577900826
6 "standing" -0.49552886184261 -0.950810498112706
6 "walking" -0.102949895258251 -0.359321371006842
6 "walking_downstairs" 0.0741041451560101 -0.0757123543931742
6 "walking_upstairs" -0.0890416065711943 -0.290928021342602
7 "laying" -0.495819744578019 -0.951894384892075
7 "sitting" -0.485297754668864 -0.939410998802399
7 "standing" -0.49712229567251 -0.954527409782733
7 "walking" -0.0830516234370202 -0.286082417455657
7 "walking_downstairs" -0.0622407365915023 -0.267075771251554
7 "walking_upstairs" -0.231834766139828 -0.493867277426738
8 "laying" -0.491561903564916 -0.953251137141975
8 "sitting" -0.489469650810414 -0.965444231379447
8 "standing" -0.503983250586588 -0.966665007124242
8 "walking" -0.0628541721995309 -0.258282654667929
8 "walking_downstairs" 0.085966626079681 -0.088038872473445
8 "walking_upstairs" -0.0504608937056763 -0.243298670404065
9 "laying" -0.508050878962618 -0.944242142015576
9 "sitting" -0.480826574001152 -0.928220936999515
9 "standing" -0.488015383285394 -0.950814844363636
9 "walking" -0.153452675501248 -0.420159775816509
9 "walking_downstairs" -0.0601334227732157 -0.264963539122641
9 "walking_upstairs" -0.214015127123996 -0.490629371223921
10 "laying" -0.541823106038124 -0.961084978136364
10 "sitting" -0.502534954340297 -0.971721957250842
10 "standing" -0.48951318794854 -0.953572276081267
10 "walking" -0.0841881981430086 -0.330444040259886
10 "walking_downstairs" -0.000249750597424243 -0.217214895073397
10 "walking_upstairs" -0.0979337190150181 -0.33138123899396
11 "laying" -0.50095320287773 -0.977547759728868
11 "sitting" -0.490523100806718 -0.969903732115495
11 "standing" -0.509348992988923 -0.985657370773694
11 "walking" -0.222529921708447 -0.535503995110734
11 "walking_downstairs" -0.0974925076394664 -0.343943666544796
11 "walking_upstairs" -0.239938669371902 -0.501987017661279
12 "laying" -0.498124792032077 -0.957088102540404
12 "sitting" -0.492143016717083 -0.963695997290553
12 "standing" -0.49414119824769 -0.944561812874814
12 "walking" -0.122791874169958 -0.389277124734909
12 "walking_downstairs" -0.0633883264400636 -0.295167216690606
12 "walking_upstairs" -0.213995345759266 -0.494017099181002
13 "laying" -0.494984663416783 -0.967352157609971
13 "sitting" -0.498864171673993 -0.971614675209029
13 "standing" -0.511294929068831 -0.973488324742158
13 "walking" -0.0996192234656832 -0.322358364868426
13 "walking_downstairs" -0.0582178556565087 -0.283386205699099
13 "walking_upstairs" -0.206510439531774 -0.454771797975796
14 "laying" -0.478718255922756 -0.934842463238265
14 "sitting" -0.500429006908068 -0.960128611305275
14 "standing" -0.511858205016753 -0.955643634646465
14 "walking" -0.177740629970004 -0.39895837100264
14 "walking_downstairs" 0.0520165644020808 -0.0451783638523098
14 "walking_upstairs" -0.0675839973893266 -0.154654281147419
15 "laying" -0.503206390416014 -0.962181718324916
15 "sitting" -0.497422802402046 -0.97025459222907
15 "standing" -0.501770733626754 -0.966132857181246
15 "walking" -0.165837482937167 -0.446391143626077
15 "walking_downstairs" -0.018343557439798 -0.209767527583023
15 "walking_upstairs" -0.167364829544122 -0.421318509545474
16 "laying" -0.512261230093331 -0.974313487683983
16 "sitting" -0.500715990291599 -0.968810838932806
16 "standing" -0.511973313638373 -0.977221575462315
16 "walking" -0.226528081859032 -0.539749355518122
16 "walking_downstairs" -0.097646379462392 -0.333898926802489
16 "walking_upstairs" -0.247318746084742 -0.518665903063102
17 "laying" -0.493147100517735 -0.969502280717029
17 "sitting" -0.511807902533892 -0.982201351581439
17 "standing" -0.523527623853675 -0.98342571462704
17 "walking" -0.180876916238073 -0.437683311620571
17 "walking_downstairs" -0.117045048974242 -0.349846604199914
17 "walking_upstairs" -0.180887757725832 -0.424126942064918
18 "laying" -0.504350354328079 -0.987915725314685
18 "sitting" -0.500879188018935 -0.98682249891547
18 "standing" -0.51159610403823 -0.977252557799917
18 "walking" -0.235871294315281 -0.553086396517316
18 "walking_downstairs" -0.232639629533945 -0.52241384561708
18 "walking_upstairs" -0.282511419626969 -0.570427044938871
19 "laying" -0.509003422068129 -0.975283077013509
19 "sitting" -0.485545520880056 -0.9708062616978
19 "standing" -0.502360007746994 -0.968736065118306
19 "walking" 0.0185747466575533 -0.166549887439714
19 "walking_downstairs" 0.207842446636077 0.102040595148446
19 "walking_upstairs" -0.0845329172028788 -0.309249674295568
20 "laying" -0.50402180870232 -0.971673243807487
20 "sitting" -0.490150258459881 -0.962054556825528
20 "standing" -0.483051016351879 -0.924119798111249
20 "walking" -0.00743287435070826 -0.183373669065847
20 "walking_downstairs" 0.0205673516885596 -0.112178541969717
20 "walking_upstairs" -0.110537891611682 -0.300987852818651
21 "laying" -0.49217039828296 -0.966463192717172
21 "sitting" -0.505868080101233 -0.980383901240642
21 "standing" -0.515461450059273 -0.965203536826694
21 "walking" -0.12972532338521 -0.349500177592578
21 "walking_downstairs" -0.0434805464459461 -0.235810184772458
21 "walking_upstairs" -0.177786205194939 -0.419599595109684
22 "laying" -0.488323361132555 -0.949517000464268
22 "sitting" -0.483133445839389 -0.957196402985694
22 "standing" -0.498255676157369 -0.955314916002886
22 "walking" -0.0556136405290072 -0.26807311689122
22 "walking_downstairs" -0.0321664187679554 -0.262597418835227
22 "walking_upstairs" -0.0840679501617965 -0.29935642051746
23 "laying" -0.502068483700922 -0.974838249659091
23 "sitting" -0.492153863023393 -0.960073119210339
23 "standing" -0.507486524729542 -0.962661937054367
23 "walking" -0.0151920652623677 -0.178675924182244
23 "walking_downstairs" 0.0856423076854714 -0.096587253434725
23 "walking_upstairs" -0.138862085159026 -0.380009725559834
24 "laying" -0.499245803186717 -0.977079799002525
24 "sitting" -0.496419075664324 -0.977869422566845
24 "standing" -0.503253505697188 -0.965586593825209
24 "walking" -0.20820533795512 -0.505709536494514
24 "walking_downstairs" -0.121025608942815 -0.361825458960094
24 "walking_upstairs" -0.224183976119461 -0.501053199934977
25 "laying" -0.450866870566094 -0.859226441427107
25 "sitting" -0.49641281595442 -0.978816477948252
25 "standing" -0.502494367163354 -0.97601896464783
25 "walking" -0.261609986650979 -0.578702555047461
25 "walking_downstairs" -0.202515388020726 -0.489388597208359
25 "walking_upstairs" -0.282541876168821 -0.588295610674266
26 "laying" -0.508710403510201 -0.980657343927432
26 "sitting" -0.492601756042066 -0.971816617586636
26 "standing" -0.504876753283632 -0.975943695888616
26 "walking" -0.170675802716523 -0.466805034954854
26 "walking_downstairs" -0.0661373995186115 -0.284848807776182
26 "walking_upstairs" -0.193503264709355 -0.467172712379008
27 "laying" -0.509062502687154 -0.985017043521703
27 "sitting" -0.495477709500965 -0.981737422142857
27 "standing" -0.509779188132768 -0.977877930784091
27 "walking" -0.175650242052601 -0.454950979293647
27 "walking_downstairs" -0.0636421703057369 -0.297589565580647
27 "walking_upstairs" -0.235577658113458 -0.500441710464349
28 "laying" -0.535170511866983 -0.964252162746212
28 "sitting" -0.497144560959832 -0.964937670239899
28 "standing" -0.489441887481676 -0.935392243072497
28 "walking" -0.174213213286403 -0.453530772337374
28 "walking_downstairs" -0.0270513374056252 -0.251741788748867
28 "walking_upstairs" -0.19566630324426 -0.451136779495425
29 "laying" -0.505500411371238 -0.988594156319719
29 "sitting" -0.496017831658121 -0.982026481712121
29 "standing" -0.508231420141435 -0.985727862638695
29 "walking" -0.119527758730457 -0.394165626288159
29 "walking_downstairs" -0.0622532573329514 -0.295372120789495
29 "walking_upstairs" -0.136016812398584 -0.32789664862457
30 "laying" -0.496127699551121 -0.97131121374026
30 "sitting" -0.492447529744965 -0.971669425166178
30 "standing" -0.487123238836514 -0.941460565007704
30 "walking" -0.145907370846527 -0.388133759487506
30 "walking_downstairs" -0.102448771145494 -0.332598011603382
30 "walking_upstairs" -0.221270619924211 -0.45655535663849
